Data	VVT	DIR	MedX	MedY
41014.5	5.22	260.1	5.142270683	0.897469903
41014.50694	6.78	290.5	6.350637443	-2.374406045
41014.51389	7.16	269.5	7.159727369	0.062481994
41014.52083	7.38	291.5	6.866481652	-2.704779053
41014.52778	6.78	302.3	5.730875229	-3.622908929
41014.53472	6.978038206	309.0384615	5.420005113	-4.395061066
41014.54167	7.511628561	308.8461538	5.850303905	-4.711529248
41014.54861	7.996616693	309.4230769	6.177209363	-5.078185014
41014.55556	7.95421901	309.3076923	6.154618063	-5.038876518
41014.5625	8.210673289	309.3461538	6.3495579	-5.205599902
41014.56944	6.560265913	309.7692308	5.042398605	-4.196582556
41014.57639	5.621312343	308.9615385	4.370953927	-3.534673142
41014.58333	6.648163549	308.9615385	5.169400809	-4.180355709
41014.59028	6.021505109	309.4615385	4.648911428	-3.827028392
41014.59722	7.782560098	308.9230769	6.05475519	-4.889599295
41014.60417	8.011093951	309.3846154	6.191806387	-5.083223383
41014.61111	7.70810563	309.5384615	5.944471195	-4.906949623
41014.61806	7.07937901	309.0769231	5.495724476	-4.462579932
41014.625	6.410322887	308.5384615	5.014091091	-3.993886584
41014.63194	6.962526859	309.1923077	5.396162565	-4.399796567
41014.63889	6.26348213	308.8076923	4.880842455	-3.925377093
41014.64583	6.63885674	308.4615385	5.198396524	-4.12929684
41014.65278	7.690526102	308.9230769	5.983153647	-4.831776503
41014.65972	7.476469506	309.0384615	5.807148336	-4.708994
41014.66667	9.172376836	309.5384615	7.073713376	-5.839098894
41014.67361	8.324423171	309.2307692	6.448139493	-5.264742939
41014.68056	8.355445866	309.3076923	6.465069416	-5.293047617
41014.6875	8.283059578	309.1153846	6.426635705	-5.225651106
41014.69444	6.13628908	308.6923077	4.78946164	-3.836026705
41014.70139	6.676083974	309.0769231	5.182646395	-4.208357587
41014.70833	8.069002982	309.1153846	6.260554109	-5.090606189
41014.71528	7.720514708	309.0769231	5.993438349	-4.866728275
41014.72222	10.30987565	309	8.012278228	-6.488214978
41014.72917	10.34089835	309.0769231	8.027643115	-6.518521665
41014.73611	8.510559341	309.1538462	6.599541836	-5.373608458
41014.74306	9.451581091	309.0384615	7.341263595	-5.953002096
41014.75	8.903513479	309	6.919329543	-5.603162584
41014.75694	8.541582036	309.1538462	6.623598489	-5.393196338
41014.76389	9.120672344	309.0384615	7.084239049	-5.744581892
41014.77083	9.751467143	309.1153846	7.565939414	-6.152046183
41014.77778	9.492944685	309.1538462	7.361335851	-5.993891329
41014.78472	8.122775653	308.8076923	6.329704059	-5.09061203
41014.79167	9.286126718	309.0384615	7.212751322	-5.848791994
41014.79861	8.039014377	308.9230769	6.254274096	-5.050723481
41014.80556	8.613968325	309.0384615	6.690670213	-5.425438453
41014.8125	8.345104968	308.8846154	6.495927647	-5.238673585
41014.81944	9.244763124	309	7.184530327	-5.817917944
41014.82639	8.70703641	309.1153846	6.755589593	-5.493131374
41014.83333	7.261378821	308.7307692	5.664561857	-4.543166445
41014.84028	7.677082934	308.7307692	5.988850359	-4.803256578
41014.84722	8.345104968	308.8846154	6.495927647	-5.238673585
41014.85417	9.368853904	309.0769231	7.273044662	-5.905780628
41014.86111	9.875557923	309	7.674749957	-6.214889974
41014.86806	10.24783026	309.1153846	7.95105616	-6.465193815
41014.875	10.46498913	309	8.132824039	-6.585831051
41014.88194	8.758740902	309.0769231	6.799413718	-5.52118785
41014.88889	7.621242083	309.3461538	5.893733214	-4.831898146
41014.89583	10.49601182	309.0769231	8.148057761	-6.61629949
41014.90278	10.36158015	309.1153846	8.039312081	-6.536956814
41014.90972	9.64805816	309.4615385	7.448796775	-6.131920813
41014.91667	10.71317069	309.6923077	8.243627433	-6.842121965
41014.92361	10.53737542	309.6153846	8.117383475	-6.718955739
41014.93056	9.224081327	309.6153846	7.105697801	-5.8815589
41014.9375	9.399876599	309.7692308	7.225000524	-6.013073051
41014.94444	8.872490784	309.2307692	6.872675385	-5.611365766
41014.95139	7.463026339	309.5	5.758654589	-4.747068511
41014.95833	7.95318492	309.8461538	6.106198038	-5.095831228
41014.96528	7.342037828	309.4615385	5.668430557	-4.6663063
41014.97222	7.952150831	309.5769231	6.129278615	-5.066423441
41014.97917	9.420558396	309.3076923	7.28920574	-5.967780172
41014.98611	10.57873901	309.1538462	8.20331871	-6.679467135
41014.99306	12.35737353	309.2307692	9.572082849	-7.815363742
41015	11.82998771	309.1538462	9.173603719	-7.469511635
41015.00694	11.73691963	309	9.121299688	-7.386282849
41015.01389	11.19919291	309.2692308	8.670193846	-7.088699496
41015.02083	10.24783026	309.5384615	7.903100288	-6.523728302
41015.02778	12.71930497	309.3076923	9.841627947	-8.057485852
41015.03472	11.35430639	309.2692308	8.790279634	-7.18688093
41015.04167	11.03373854	309.2692308	8.54210234	-6.983972634
41015.04861	10.87862506	309.4230769	8.403497025	-6.908380492
41015.05556	8.64499102	309.8461538	6.637344376	-5.539091024
41015.0625	9.999648704	309.3846154	7.728768267	-6.345007114
41015.06944	8.696695512	309.5384615	6.706869164	-5.536282041
41015.07639	9.627376363	309.6538462	7.412250461	-6.143689343
41015.08333	10.53737542	309.4615385	8.135395406	-6.697135379
41015.09028	10.18578487	309.6923077	7.837811797	-6.505299358
41015.09722	11.50941986	309.3461538	8.900576753	-7.297018503
41015.10417	10.86828417	309.5384615	8.381592737	-6.918706807
41015.11111	8.924195275	309.4230769	6.893743282	-5.667236088
41015.11806	8.996581564	309.7692308	6.915017003	-5.755086418
41015.125	10.97169315	309.8461538	8.423710984	-7.029875092
41015.13194	8.758740902	309.8846154	6.720909131	-5.616486681
41015.13889	10.15476218	309.3076923	7.857299711	-6.432887079
41015.14583	9.906580619	310.0769231	7.580325	-6.378010069
41015.15278	7.091788088	310.1153846	5.423433723	-4.569444707
41015.15972	8.355445866	309.7307692	6.425809204	-5.340641506
41015.16667	6.560265913	309.6153846	5.05364875	-4.183027989
41015.17361	9.410217498	308.8846154	7.325023741	-5.907302308
41015.18056	7.191060712	309.1538462	5.576332191	-4.540470621
41015.1875	8.500218443	309.2307692	6.584311383	-5.375923846
41015.19444	7.726719247	309.1923077	5.988434083	-4.882709037
41015.20139	7.838400949	309.4230769	6.054991202	-4.977711419
41015.20833	9.865217025	309.3461538	7.629065789	-6.254587288
41015.21528	8.122775653	309.3461538	6.281584043	-5.149872447
41015.22222	10.06169409	309.2307692	7.793838169	-6.3634719
41015.22917	10.74419338	309.3461538	8.308804355	-6.811861837
41015.23611	10.80623877	309.1153846	8.3843125	-6.817484901
41015.24306	10.28919386	309.2692308	7.965690561	-6.512701753
41015.25	9.141354141	309.8461538	7.018435919	-5.857124958
41015.25694	9.451581091	309.9615385	7.244407812	-6.070497556
41015.26389	9.203399531	310.1153846	7.038285234	-5.930017191
41015.27083	7.546787615	310.1538462	5.768128414	-4.866487225
41015.27778	6.76708388	310	5.183887002	-4.349797672
41015.28472	7.959389459	309.7692308	6.117802974	-5.09159772
41015.29167	7.655367048	309.6538462	5.893973165	-4.885255876
41015.29861	7.684321563	309.6153846	5.919556094	-4.899760559
41015.30556	9.048286056	309.7692308	6.95475848	-5.788161628
41015.3125	9.420558396	309.6923077	7.248981266	-6.016576361
41015.31944	9.823853432	309.7692308	7.550880635	-6.284289767
41015.32639	9.451581091	309.8461538	7.256618133	-6.055896167
41015.33333	8.64499102	309.9615385	6.626176073	-5.552446342
41015.34028	8.934536174	310.0769231	6.836535282	-5.752192797
41015.34722	9.089649649	309.5	7.013797124	-5.781728172
41015.35417	9.306808514	309.3846154	7.193269328	-5.905384077
41015.36111	10.89930686	309.3461538	8.428758219	-6.910204404
41015.36806	8.975899767	309.8461538	6.891405404	-5.751113647
41015.375	8.39680946	309.5	6.479184601	-5.341027617
41015.38194	7.623310263	309.4615385	5.885587334	-4.845071837
41015.38889	6.751572532	309.8461538	5.183638927	-4.325924078
41015.39583	8.717377308	309.6923077	6.707893751	-5.567479552
41015.40278	6.863254234	310.1538462	5.245693105	-4.425716047
41015.40972	7.525071729	310.1538462	5.75153062	-4.852483905
41015.41667	6.027709648	310.1538462	4.607073243	-3.886921627
41015.42361	7.075242651	309.8461538	5.432142371	-4.533308707
41015.43056	6.359652485	309.7692308	4.888201674	-4.068250744
41015.4375	7.45475362	309.1153846	5.783972135	-4.703085995
41015.44444	9.513626481	309.2307692	7.369302277	-6.016849073
41015.45139	7.684321563	309.4615385	5.932691193	-4.883848185
41015.45833	8.45885485	309.6153846	6.516211661	-5.393626884
41015.46528	7.436140003	309.6923077	5.72200047	-4.74919875
41015.47222	7.650196599	309.6153846	5.893268199	-4.878001429
41015.47917	7.33169693	309.4615385	5.660446852	-4.659734037
41015.48611	6.981140476	309.9615385	5.350874961	-4.483799672
41015.49306	7.351344636	309.8461538	5.644124542	-4.710215083
41015.5	9.131013242	309.5769231	7.037910296	-5.817492716
41015.50694	8.14138927	309.6538462	6.268168408	-5.195409903
41015.51389	9.658399058	309.2692308	7.477341692	-6.113430591
41015.52083	9.699762652	309.3076923	7.505241475	-6.144651812
41015.52778	8.975899767	309.7307692	6.902973253	-5.737223797
41015.53472	8.913854377	309.3076923	6.897140887	-5.646790898
41015.54167	8.810445394	309.5	6.798356256	-5.604132426
41015.54861	9.689421753	309.2692308	7.50135885	-6.133066877
41015.55556	9.989307805	309.2692308	7.733524705	-6.322884315
41015.5625	9.079308751	309.1538462	7.040580477	-5.732719594
41015.56944	8.303741374	309.1923077	6.43564316	-5.247343893
41015.57639	9.193058632	309.1153846	7.132683074	-5.799755097
41015.58333	9.348172108	309.4230769	7.221255999	-5.936479054
41015.59028	8.934536174	309.3846154	6.905538555	-5.669168714
41015.59722	8.634650122	309.2307692	6.688442828	-5.460944539
41015.60417	8.126912013	309.3076923	6.288240166	-5.148274903
41015.61111	7.151765298	309.0384615	5.554943	-4.504481674
41015.61806	7.854946386	309.6538462	6.047632062	-5.012616998
41015.625	6.732958915	309.1923077	5.218240674	-4.254726786
41015.63194	7.484742225	309.2692308	5.794539525	-4.737581436
41015.63889	7.732923786	309.1538462	5.996521732	-4.882605595
41015.64583	8.120707474	308.9615385	6.314404192	-5.106289217
41015.65278	7.471299057	309.0769231	5.79997215	-4.709631903
41015.65972	7.423730925	309.1153846	5.759902338	-4.683514268
41015.66667	6.51373187	309.1538462	5.051095264	-4.112801904
41015.67361	6.251073052	309.1923077	4.844764994	-3.950210938
41015.68056	6.119743643	309.1153846	4.748168552	-3.860849344
41015.6875	7.488878584	309.1923077	5.804100593	-4.732411516
41015.69444	7.64502615	309.3461538	5.91212614	-4.84697734
41015.70139	8.779422698	309.1538462	6.80803283	-5.543370086
41015.70833	9.162035937	309.1923077	7.100846624	-5.789721905
41015.71528	9.792830737	309.2692308	7.581416041	-6.198521166
41015.72222	10.06169409	309.2307692	7.793838169	-6.3634719
41015.72917	10.13408038	309.1538462	7.858506682	-6.398707519
41015.73611	9.782489838	309.2692308	7.573410322	-6.191975737
41015.74306	10.44430733	309.2692308	8.085776348	-6.610883187
41015.75	10.33055745	309.2307692	8.00210106	-6.533513287
41015.75694	10.35123925	309.0384615	8.040049079	-6.519644528
41015.76389	10.35123925	309.1538462	8.026903254	-6.53582268
41015.77083	12.06782837	309.1538462	9.358038059	-7.619685383
41015.77778	11.12680662	309.1538462	8.628319582	-7.025519684
41015.78472	11.08544303	309.2307692	8.586839175	-7.010937181
41015.79167	12.05748748	309.1923077	9.344906506	-7.619430859
41015.79861	11.73691963	309.3076923	9.081502212	-7.435159709
41015.80556	10.48567093	309.3461538	8.108881247	-6.647957558
41015.8125	11.03373854	309.4615385	8.518613246	-7.012603974
41015.81944	10.6718071	309.5769231	8.225507843	-6.799153435
41015.82639	9.989307805	309.7307692	7.682341201	-6.38497487
41015.83333	8.944877072	309.5769231	6.894442136	-5.698902831
41015.84028	9.203399531	309.7307692	7.077933405	-5.882637303
41015.84722	7.806344164	309.8461538	5.993458456	-5.001746189
41015.85417	8.058662084	310.0384615	6.169814679	-5.184150982
41015.86111	7.898378159	309.9230769	6.057319398	-5.068851867
41015.86806	8.748400003	309.7307692	6.728013102	-5.59181029
41015.875	7.937673573	310.0769231	6.073755188	-5.110397212
41015.88194	7.247935653	310.0384615	5.549112163	-4.662609294
41015.88889	5.303846763	310	4.06298234	-3.409246983
41015.89583	5.513767	310	4.223790571	-3.54418111
41015.90278	4.843676787	309.8461538	3.718818308	-3.103481143
41015.90972	5.015335699	310.4615385	3.815876821	-3.254639192
41015.91667	4.682358773	310.5	3.560493544	-3.040948766
41015.92361	4.693733761	311	3.542405836	-3.079366413
41015.93056	3.897484588	311.1538462	2.934592559	-2.56486893
41015.9375	3.514871349	311.1538462	2.646505733	-2.313077605
41015.94444	6.347243407	309.8076923	4.875937012	-4.063586731
41015.95139	7.83219641	309.0384615	6.083449723	-4.93304572
41015.95833	5.787800806	309.1538462	4.488169582	-3.654445509
41015.96528	6.751572532	309.1538462	5.235529605	-4.262975652
41015.97222	7.664673856	309.4615385	5.917522154	-4.871360886
41015.97917	7.505424022	309.5384615	5.788163662	-4.777923312
41015.98611	7.285162887	309.6538462	5.608947851	-4.649010894
41015.99306	6.692629412	309.8076923	5.141261705	-4.284707286
41016	6.618174943	309.7692308	5.08690906	-4.233626791
41016.00694	6.301743454	309.4615385	4.865269833	-4.005136703
41016.01389	3.600700805	308.8076923	2.805859902	-2.256589572
41016.02083	2.342213476	309.1153846	1.817269647	-1.477665388
41016.02778	2.053702412	303.1923077	1.718615849	-1.124301188
41016.03472	1.900657117	303.6538462	1.582108504	-1.053294905
41016.04167	1.946157069	306.0384615	1.573705895	-1.14497908
41016.04861	2.932678772	311.9615385	2.180721847	-1.960881691
41016.05556	3.461098677	309.8076923	2.658807621	-2.215839815
41016.0625	4.340075037	309.0769231	3.369201815	-2.735823543
41016.06944	4.453824919	308.5384615	3.483737753	-2.774910391
41016.07639	4.547927094	307.1153846	3.626616807	-2.744319841
41016.08333	2.12815688	310.5384615	1.617335028	-1.383213329
41016.09028	3.283235226	308.7692308	2.559854304	-2.055913298
41016.09722	3.011269599	309.0384615	2.338923368	-1.896623863
41016.10417	2.233634043	310.8076923	1.690653965	-1.4597295
41016.11111	2.769292578	311.3846154	2.077768687	-1.8308082
41016.11806	2.704144918	312.1923077	2.003486833	-1.816160854
41016.125	3.540723595	311.6153846	2.647115035	-2.351490074
41016.13194	3.404223737	310.4615385	2.590075566	-2.209128292
41016.13889	6.563368182	309.7307692	5.047600373	-4.195179659
41016.14583	6.624379483	309.5	5.111534058	-4.213623512
41016.15278	6.367925203	309.2307692	4.932626459	-4.027364847
41016.15972	6.95425414	309.2307692	5.386799763	-4.398185871
41016.16667	5.07324473	309	3.942651653	-3.192696357
41016.17361	5.549960144	309.3461538	4.291949275	-3.518697062
41016.18056	3.560371302	309.1538462	2.760901889	-2.248035713
41016.1875	4.345245486	308.7307692	3.38970221	-2.718653575
41016.19444	3.461098677	309.3461538	2.676570565	-2.194350488
41016.20139	2.294645344	309.7692308	1.763726751	-1.467877789
41016.20833	2.50766785	310.9230769	1.894767996	-1.642635774
41016.21528	3.671018914	311.3461538	2.755952232	-2.425099413
41016.22222	2.531451916	311.4230769	1.898195684	-1.674843857
41016.22917	2.148838677	310.0384615	1.645178353	-1.382351564
41016.23611	2.119884162	310.8076923	1.604555846	-1.385391423
41016.24306	2.969906006	311.8846154	2.211067819	-1.98280629
41016.25	2.550065533	311.1153846	1.921185844	-1.676865879
41016.25694	1.055805721	309.3846154	0.816036443	-0.669933016
41016.26389	2.423906573	310.1153846	1.853678718	-1.561793292
41016.27083	4.165313855	309.7307692	3.203361321	-2.662389107
41016.27778	3.015405959	309.8846154	2.313833651	-1.933609818
41016.28472	3.013337779	309.8846154	2.31224666	-1.932283611
41016.29167	3.166383075	310.2692308	2.41599956	-2.046687055
41016.29861	4.130154801	310	3.163882134	-2.654812332
41016.30556	4.231495604	309.7307692	3.254258819	-2.704691218
41016.3125	1.836543547	308.0769231	1.445696741	-1.132631066
41016.31944	2.008202459	304.5384615	1.654248312	-1.138569119
41016.32639	2.045429693	303.5	1.705654821	-1.128948299
41016.33333	2.702076739	303.4615385	2.254224106	-1.489863208
41016.34028	10.36	291.89	9.613057866	-3.862475691
41016.34722	7.46	291.89	6.922143985	-2.781280758
41016.35417	7.16	307.6	5.672793846	-4.368639374
41016.36111	6.49	302.69	5.462016832	-3.505206432
41016.36806	5.67	295	5.138765152	-2.396245544
41016.375	5.74	299.89	4.976486658	-2.860451109
41016.38194	6.11	311.39	4.583883786	-4.03981552
41016.38889	6.93	311.39	5.199069499	-4.581983888
41016.39583	5.96	330.3	2.952933664	-5.177043826
41016.40278	5.81	286.6	5.567854158	-1.659849415
41016.40972	7.16	304.39	5.908518572	-4.044132575
41016.41667	7.16	281	7.028450633	-1.366192407
41016.42361	6.34	299.5	5.518055112	-3.121965371
41016.43056	6.71	305.8	5.442238225	-3.925065999
41016.4375	7.01	314.19	5.026396248	-4.886250174
41016.44444	7.23	301.6	6.157985734	-3.7884181
41016.45139	7.08	307.6	5.609410675	-4.31982776
41016.45833	8.5	299.5	7.398023415	-4.185600261
41016.46528	7.08	304.1	5.862667169	-3.969324082
41016.47222	5.67	317.3	3.845165328	-4.166965755
41016.47917	6.63	312.8	4.864629002	-4.504695847
41016.48611	6.34	300.19	5.480058772	-3.18819006
41016.49306	6.41	270.89	6.409226689	-0.099565284
41016.5	6.04	315.6	4.225966577	-4.315414985
41016.50694	4.7	288.69	4.452151238	-1.506104032
41016.51389	6.26	301.6	5.331810608	-3.280151771
41016.52083	5.89	308.6	4.603155583	-3.674650825
41016.52778	6.19	281	6.076272266	-1.181107681
41016.53472	7.08	291.5	6.587356381	-2.594828685
41016.54167	5.59	255.19	5.404293437	1.428885036
41016.54861	3.87	262.19	3.834102416	0.52588845
41016.55556	4.7	269.5	4.699821038	0.041014717
41016.5625	3.5	180.19	0.011606418	3.499980756
41016.56944	4.47	156.09	-1.811696132	4.086399042
41016.57639	7.08	166.19	-1.690016878	6.875335843
41016.58333	7.38	162	-2.280545418	7.01879709
41016.59028	6.63	183.3	0.381649499	6.619006244
41016.59722	7.68	168.3	-1.557406428	7.520431186
41016.60417	8.21	165.9	-2.000079247	7.962649245
41016.61111	8.21	173.19	-0.9735194	8.152077035
41016.61806	7.98	178.8	-0.167120511	7.978249854
41016.625	8.73	185.8	0.882221474	8.685308588
41016.63194	9.4	174.59	-0.88625146	9.35812793
41016.63889	8.58	180.19	0.028452305	8.579952824
41016.64583	8.58	184.4	0.658249261	8.554712614
41016.65278	8.42	192.09	1.763551355	8.233242777
41016.65972	7.68	182.3	0.308212167	7.673812954
41016.66667	7.08	164.5	-1.892047703	6.822503609
41016.67361	7.98	175.69	-0.599719083	7.957432816
41016.68056	8.27	172.9	-1.022184213	8.206585126
41016.6875	7.68	192.8	1.701492462	7.489147041
41016.69444	8.42	170.4	-1.404192847	8.302086632
41016.70139	8.35	173.9	-0.887304996	8.302721834
41016.70833	7.98	166.19	-1.904849532	7.749319213
41016.71528	7.9	194.09	1.923221294	7.662324703
41016.72222	7.98	179.8	-0.027855398	7.979951383
41016.72917	8.21	190.69	1.522914888	8.067516981
41016.73611	7.53	187.19	0.942455365	7.470788304
41016.74306	9.02	187.5	1.177346254	8.94283265
41016.75	9.55	184.69	0.780851561	9.518023473
41016.75694	9.17	190	1.592353789	9.030687095
41016.76389	8.13	191.69	1.647271215	7.961369075
41016.77083	7.68	185.09	0.681373083	7.649714421
41016.77778	8.21	192.4	1.762977036	8.018479405
41016.78472	7.68	201.8	2.852104977	7.13077115
41016.79167	7.75	202.19	2.927013693	7.176008002
41016.79861	6.71	228.69	5.040209321	4.429490942
41016.80556	4.32	227.69	3.194698842	2.907971683
41016.8125	4.02	226.59	2.920348057	2.762601532
41016.81944	2.83	208.09	1.332527896	2.496651639
41016.82639	2.68	202.9	1.042852186	2.468776887
41016.83333	2.38	199.4	0.790543494	2.244869926
41016.84028	2.01	213	1.09472446	1.685727842
41016.84722	0.89	213	0.484728741	0.746416805
41016.85417	0.82	233.9	0.662551705	0.483141013
41016.86111	0.74	225.59	0.52861941	0.517843141
41016.86806	1.11	233.59	0.893317137	0.658850887
41016.875	1.34	211.59	0.701941906	1.141436621
41016.88194	1.86	246.5	1.705731738	0.741673268
41016.88889	1.41	241.3	1.236776091	0.677115131
41016.89583	1.34	242	1.183149774	0.629091894
41016.90278	1.19	229	0.8981044	0.780710244
41016.90972	1.19	230.8	0.922183942	0.75211487
41016.91667	1.49	218.19	0.92122413	1.171087573
41016.92361	1.79	238.09	1.519494206	0.946169835
41016.93056	1.56	236.69	1.303709981	0.856703149
41016.9375	1.34	237.09	1.124963567	0.728050117
41016.94444	1.19	237.09	0.999034809	0.64655197
41016.95139	1.19	239.5	1.025338701	0.603970652
41016.95833	0.74	239.5	0.637605579	0.375578389
41016.96528	1.11	238.8	0.949454329	0.57500998
41016.97222	1.11	275.8	1.104317587	-0.11217249
41016.97917	2.31	286.6	2.213725147	-0.659940129
41016.98611	2.53	258.69	2.480868525	0.496176746
41016.99306	1.49	318.69	0.98359784	-1.119211906
41017	1.26	292.6	1.163244874	-0.484212107
41017	1.26	292.6	1.163244874	-0.484212107
41017.00694	1.26	87	-1.258273214	-0.065943305
41017.01389	1.11	89.4	-1.109939138	-0.01162368
41017.02083	0.44	89.4	-0.439975875	-0.004607585
41017.02778	1.26	303.39	1.052029349	-0.693422129
41017.03472	1.34	298.5	1.177614931	-0.639392739
41017.04167	1.19	208.8	0.573286872	1.042804949
41017.04861	0.82	284.5	0.793881065	-0.205311603
41017.05556	2.75	234.3	2.233229699	1.604738331
41017.0625	4.92	15.1	-1.281682183	-4.750125344
41017.06944	2.46	218.9	1.544789122	1.914478145
41017.07639	1.94	202.19	0.732697621	1.796316842
41017.08333	3.58	347.69	0.763259257	-3.497689996
41017.09028	4.32	267.1	4.314467623	0.218561501
41017.09722	5.29	272	5.286777475	-0.184618338
41017.10417	3.2	290.8	2.991442164	-1.13634228
41017.11111	3.2	280.69	3.144464597	-0.593584366
41017.11806	2.38	294.69	2.162423007	-0.994146237
41017.125	1.64	326.1	0.914701979	-1.361220148
41017.13194	1.19	280.69	1.169347772	-0.220739186
41017.13889	2.68	213.3	1.471381152	2.239963728
41017.14583	4.62	235.69	3.816119668	2.604156424
41017.15278	4.99	220.3	3.227481	3.805714965
41017.15972	6.41	254.9	6.188679564	1.6698339
41017.16667	4.77	249.3	4.462068027	1.686075005
41017.17361	4.77	228.69	3.582980396	3.148833352
41017.18056	3.58	233.9	2.892603784	2.109322959
41017.1875	2.75	314.19	1.971838756	-1.916859911
41017.19444	3.43	259.8	3.375790935	0.607400659
41017.20139	3.5	238.09	2.971078057	1.850052751
41017.20833	3.73	263.3	3.704526523	0.435181849
41017.21528	3.8	277.89	3.76402706	-0.521632336
41017.22222	3.8	269.89	3.799992997	0.007295472
41017.22917	2.31	200.09	0.793475267	2.169446243
41017.23611	2.75	251.69	2.610769318	0.863934932
41017.24306	2.16	244.8	1.954426433	0.91968327
41017.25	2.23	240.19	1.934923505	1.108589658
41017.25694	2.83	291.89	2.625960788	-1.055097124
41017.26389	3.43	265.3	3.418466237	0.281049085
41017.27083	3.73	277.19	3.700669372	-0.46684708
41017.27778	4.02	269.5	4.019846931	0.035080673
41017.28472	4.25	275.8	4.228243013	-0.429489263
41017.29167	4.17	226.3	3.014772998	2.880979654
41017.29861	4.7	267.39	4.695124395	0.214025501
41017.30556	6.26	261.5	6.191239305	0.925286914
41017.3125	5.89	263.89	5.856541162	0.626917549
41017.31944	6.41	268.1	6.406475884	0.212524693
41017.32639	6.19	239.19	5.316408491	3.17047327
41017.33333	4.92	224.9	3.472888128	3.485032002
41017.34028	5.74	230.4	4.422746014	3.658813701
41017.34722	6.86	250	6.446291379	2.346258183
41017.35417	7.75	235	6.348428343	4.445217382
41017.36111	7.98	230.4	6.148695677	5.086643438
41017.36806	7.6	260.8	7.502235615	1.215097026
41017.375	6.78	275.1	6.753158423	-0.602703333
41017.38194	6.63	260.5	6.539073538	1.094265627
41017.38889	6.19	265.3	6.169185424	0.507199368
41017.39583	7.16	255.9	6.944283629	1.744283484
41017.40278	7.75	263.6	7.701701373	0.863884225
41017.40972	8.06	269.19	8.05919458	0.11394177
41017.41667	6.93	279.69	6.831128727	-1.166439161
41017.42361	5.07	291.5	4.71721707	-1.858161219
41017.43056	6.04	265.69	6.022919074	0.453922715
41017.4375	6.26	271.6	6.25755932	-0.174789458
41017.44444	4.77	303.69	3.968883022	-2.645915258
41017.45139	5.44	256.6	5.291900777	1.260708595
41017.45833	5.89	283.8	5.719980909	-1.404962065
41017.46528	4.84	300.6	4.165991411	-2.463760452
41017.47222	4.7	280.69	4.618432377	-0.871827037
41017.47917	4.84	264.6	4.818519909	0.455484236
41017.48611	6.26	283.8	6.079300592	-1.493219444
41017.49306	5.89	269.19	5.889411424	0.08326514
41017.5	6.63	290.8	6.197894235	-2.354359161
